50.000000 25
50.500000 20
51.000000 21
51.500000 25
52.000000 26
52.500000 22
53.000000 26
53.500000 20
54.000000 24
54.500000 18
55.000000 19
55.500000 40
56.000000 31
56.500000 24
57.000000 20
57.500000 36
58.000000 24
58.500000 23
59.000000 28
59.500000 29
60.000000 30
60.500000 20
61.000000 32
61.500000 17
62.000000 31
62.500000 40
63.000000 37
63.500000 22
64.000000 27
64.500000 39
65.000000 34
65.500000 38
66.000000 35
66.500000 31
67.000000 38
67.500000 37
68.000000 41
68.500000 59
69.000000 50
69.500000 71
70.000000 78
70.500000 60
71.000000 86
71.500000 53
72.000000 71
72.500000 71
73.000000 56
73.500000 40
74.000000 45
74.500000 46
75.000000 43
75.500000 42
76.000000 34
76.500000 21
77.000000 18
77.500000 27
78.000000 33
78.500000 33
79.000000 28
79.500000 26
